%-------------------------------------------------------------------------------
% [system] : GpsTools
% [module] : satellite parameters
% [format] : - 1 line = 1 record
%            - % ...  = comments
%            - fields separated by comma(,)
% [version]: $Revision:$ $Date: 06/03/24 18:19 $
% [history]: 06/07/06  0.1  separated as csv text
%-------------------------------------------------------------------------------

% id,  type, mass, xsec,       code srp model parameters(1E-9m/s^2)    operation
%            (kg)  (m^2)       D0,        Y0,        B0,        Z0,    start(mjd)
%
% (type: 0=BlockII/IIA,1=BlockIIR)

GPS01,  0,  975.0, 12.0,  -91.583736, -0.994819,  0.479421,  1.078832,     0
GPS02,  0,  880.0, 12.0,  -99.401338, -0.070934,  0.290664,  0.748176,     0
GPS02,  1, 1100.0, 14.0, -101.000000,  0.000000,  1.000000,  0.000000, 53315 % 2004/11/06
GPS03,  0,  975.0, 12.0,  -90.922209, -0.471602,  0.452493,  0.948643,     0
GPS04,  0,  975.0, 12.0,  -91.344377, -0.702416,  0.091294,  0.733711,     0
GPS05,  0,  975.0, 12.0,  -91.443258, -0.690373,  0.371742,  1.356460,     0
GPS06,  0,  975.0, 12.0,  -90.938291, -0.470250,  0.654236,  1.599581,     0
GPS07,  0,  975.0, 12.0,  -90.887781, -1.152948,  0.760579,  0.618242,     0
GPS08,  0,  975.0, 12.0,  -90.870393, -0.731820,  0.416317,  0.426678,     0
GPS09,  0,  975.0, 12.0,  -90.856101, -0.749191,  0.658740,  0.857322,     0
GPS10,  0,  975.0, 12.0,  -90.164596, -0.651427,  0.206554,  1.206058,     0
GPS11,  0,  975.0, 12.0   -91.000000,  0.000000,  0.000000,  0.000000,     0
GPS11,  1, 1100.0, 14.0, -101.861792, -0.097136,  1.414062,  0.160194, 51458 % 1999/10/07
GPS12,  1, 1100.0, 14.0  -101.000000,  0.000000,  0.000000,  0.000000,     0
GPS13,  0,  975.0, 12.0   -91.000000,  0.000000,  0.000000,  0.000000,     0
GPS13,  1, 1100.0, 14.0, -100.602526,  0.086760,  1.371258, -0.262691, 50652 % 1997/07/23
GPS14,  0,  975.0, 12.0   -91.000000,  0.000000,  0.000000,  0.000000,     0
GPS14,  1, 1100.0, 14.0, -100.905635,  0.167753,  0.899407,  0.423792, 51858 % 2000/11/10
GPS15,  0,  880.0, 12.0,  -99.968497, -0.619179,  0.633694,  1.425166,     0
GPS16,  0,  975.0, 12.0   -91.000000,  0.000000,  0.000000,  0.000000,     0
GPS16,  1, 1100.0, 14.0,  -99.956159, -0.245898,  0.459826,  0.316646, 52668 % 2003/01/29
GPS17,  0,  880.0, 12.0,  -99.572542, -0.521123, -0.165625,  0.939750,     0
GPS17,  1, 1100.0, 12.0,  -91.000000,  0.000000,  0.000000,  0.000000, 53638 % 2005/09/25
GPS18,  0,  975.0, 12.0   -91.000000,  0.000000,  0.000000,  0.000000,     0
GPS18,  1, 1100.0, 14.0, -101.838060,  0.235081,  1.354931,  0.038868, 51939 % 2001/01/30
GPS19,  0,  975.0, 12.0   -91.000000,  0.000000,  0.000000,  0.000000,     0
GPS19,  1, 1100.0, 14.0, -101.390100,  0.104950,  1.304100, -0.180600, 53100 % 2004/04/05
GPS20,  0,  975.0, 12.0   -91.000000,  0.000000,  0.000000,  0.000000,     0
GPS20,  1, 1100.0, 14.0, -100.762541,  0.563053,  1.384078, -0.084750, 51675 % 2000/05/11
GPS21,  0,  975.0, 12.0   -91.000000,  0.000000,  0.000000,  0.000000,     0
GPS21,  1, 1100.0, 14.0, -100.429107, -0.034532,  1.583654,  0.235430, 52729 % 2003/03/31
GPS22,  0,  975.0, 12.0   -91.000000,  0.000000,  0.000000,  0.000000,     0
GPS22,  1, 1100.0, 14.0, -101.000000,  0.000000,  1.000000,  0.000000, 53020 % 2004/01/16
GPS23,  0,  975.0, 12.0,  -87.643101, -1.402214,  0.581327, -0.178580,     0
GPS23,  1, 1100.0, 14.0, -101.959740,  0.141290,  1.651060, -0.091200, 53190 % 2004/07/04
GPS24,  0,  975.0, 12.0,  -92.581122, -0.946210, -0.157400,  0.796651,     0
GPS25,  0,  975.0, 12.0,  -91.399154, -1.048697,  0.531318,  1.524756,     0
GPS26,  0,  975.0, 12.0,  -90.878642, -1.230416,  2.610050,  1.787213,     0
GPS27,  0,  975.0, 12.0,  -90.956252, -1.045999,  0.457755,  0.673086,     0
GPS28,  0,  975.0, 12.0   -91.000000,  0.000000,  0.000000,  0.000000,     0
GPS28,  1, 1100.0, 14.0,  -99.092835,  0.084181,  0.790642,  0.712014, 51741 % 2000/07/16
GPS29,  0,  975.0, 12.0,  -91.656700, -0.327520, -1.147870,  0.612950,     0
GPS30,  0,  975.0, 12.0,  -91.131729, -0.832823,  0.435686,  1.262750,     0
GPS31,  0,  975.0, 12.0,  -90.979560, -0.891988,  0.846589,  0.680789,     0
